100
3877633
9999162
9
5
6716541
2872729
1264969
3323191
1507483
3132736
4936439
6704676
3910981
8291470
13
8697851
9999971
2295773
4170220
8603593
8
9999972
4572049
12
8248729
9999161
5462959
9971849
9999999
2360890
11
9516811
7
8460583
615403
5331653
7551991
9987391
1750607
3191803
7783893
1144
4751053
1
983469
9999930
9999991
592432
5001361
3410821
6537523
9999931
9010879
6513281
9999163
1862603
9999973
4125389
9309119
140839
4461641
10000000
3023326
9999995
4461642
9299449
3
390548
5388168
2610613
4046177
9325574
1281246
9999998
2896297
2044523
9682616
2
9999996
559513
4
6463741
3855409
9999929
86293
2196613
6697461
5094841
9999997
3929879
4461643
1481717
8237213
10
7203246
3702389
6735763
6
8873129
8184167
