100
748 77
494 92
537 11
915 30
2 95
29 97
285 29
908 56
484 74
264 31
865 5
2 4
978 10
204 41
30 46
372 41
865 23
387 98
2 3
398 61
70 56
551 71
959 86
930 46
239 20
1000 99
254 30
580 93
443 91
582 60
758 96
2 50
2 5
793 69
924 39
958 86
432 88
635 54
758 85
312 23
875 93
2 99
424 35
1000 1
755 11
772 5
816 86
13 37
1000 2
355 11
81 39
289 65
270 26
1000 4
2 1
1000 96
1000 5
1000 3
684 94
918 38
226 22
824 54
3 10
2 36
598 42
492 78
132 90
885 57
440 28
991 9
2 98
95 37
451 5
642 34
838 46
808 71
555 27
1000 98
2 96
950 95
169 3
522 40
171 6
289 48
779 34
911 80
1000 95
2 2
712 1
871 75
1000 97
2 97
807 16
397 40
120 75
744 91
500 44
906 56
728 33
950 71
